                        precision    recall  f1-score   support

             Almonds 1     1.0000    0.7403    0.8507        77
              Apple 10     1.0000    0.8831    0.9379       231
              Apple 11     0.9660    1.0000    0.9827       142
              Apple 12     0.8981    0.9156    0.9068       154
              Apple 13     0.9289    1.0000    0.9631       235
              Apple 14     0.9167    1.0000    0.9565       154
              Apple 17     0.9341    0.8458    0.8877       201
              Apple 18     0.9309    0.9542    0.9424       240
              Apple 19     0.8516    1.0000    0.9198       241
              Apple 20     0.9467    0.9103    0.9281       234
              Apple 21     0.9050    1.0000    0.9501       162
              Apple 22     0.9682    0.9221    0.9446       231
              Apple 23     0.9630    1.0000    0.9811       156
               Apple 5     1.0000    1.0000    1.0000       146
               Apple 6     1.0000    0.9618    0.9805       157
               Apple 7     0.9517    0.8603    0.9037       229
               Apple 8     0.8843    0.9386    0.9106       228
               Apple 9     0.7250    0.7532    0.7389       231
      Apple Braeburn 1     0.4912    0.5122    0.5015       164
  Apple Crimson Snow 1     0.9510    0.9189    0.9347       148
        Apple Golden 1     0.9000    0.9563    0.9273       160
        Apple Golden 2     0.9195    0.9756    0.9467       164
        Apple Golden 3     0.0000    0.0000    0.0000       161
  Apple Granny Smith 1     0.5031    1.0000    0.6694       164
     Apple Pink Lady 1     1.0000    0.9013    0.9481       152
           Apple Red 1     0.9318    0.7500    0.8311       164
           Apple Red 2     0.8254    0.9512    0.8839       164
           Apple Red 3     0.9145    0.9653    0.9392       144
 Apple Red Delicious 1     0.9651    1.0000    0.9822       166
    Apple Red Yellow 1     1.0000    0.7622    0.8651       164
    Apple Red Yellow 2     0.9821    1.0000    0.9910       219
             Apricot 1     0.8586    1.0000    0.9239       164
             Avocado 1     1.0000    1.0000    1.0000       143
             Avocado 2     1.0000    1.0000    1.0000       166
       Avocado Black 1     0.9912    0.9784    0.9847       231
       Avocado Black 2     0.9569    0.9919    0.9741       246
       Avocado Green 1     1.0000    0.9913    0.9957       231
              Banana 1     0.9161    0.7892    0.8479       166
              Banana 3     0.9747    1.0000    0.9872        77
              Banana 4     0.9767    1.0000    0.9882        84
  Banana Lady Finger 1     1.0000    0.8816    0.9371       152
          Banana Red 1     1.0000    0.9940    0.9970       166
            Bean pod 1     1.0000    0.9740    0.9868        77
            Beetroot 1     0.8767    0.4267    0.5740       150
          Blackberry 1     0.0000    0.0000    0.0000       150
          Blackberry 2     0.0000    0.0000    0.0000        75
          Blackberry 3     0.0000    0.0000    0.0000       150
          Blackberry 4     0.0000    0.0000    0.0000       145
          Blackberry 5     0.9389    0.9556    0.9471       225
           Blueberry 1     0.8021    1.0000    0.8902       154
         Cabbage red 1     0.9423    1.0000    0.9703        49
       Cabbage white 1     1.0000    0.8511    0.9195        47
        Cactus fruit 1     0.6888    1.0000    0.8157       166
  Cactus fruit green 1     0.8556    1.0000    0.9222       231
    Cactus fruit red 1     0.8846    0.9705    0.9256       237
           Caju seed 1     1.0000    0.8800    0.9362        75
          Cantaloupe 1     1.0000    1.0000    1.0000       164
          Cantaloupe 2     0.3968    0.4573    0.4249       164
          Cantaloupe 3     0.3206    0.2692    0.2927       156
           Carambula 1     0.9485    0.5542    0.6996       166
              Carrot 1     1.0000    1.0000    1.0000        50
         Cauliflower 1     0.8667    1.0000    0.9286       234
           Cherimoya 1     0.8815    1.0000    0.9370       320
              Cherry 1     1.0000    1.0000    1.0000       164
              Cherry 2     0.5125    1.0000    0.6777       246
              Cherry 3     0.8779    0.9957    0.9331       231
              Cherry 4     0.0000    0.0000    0.0000       231
              Cherry 5     0.9383    1.0000    0.9682       228
      Cherry Rainier 1     1.0000    0.5325    0.6950       246
      Cherry Rainier 2     0.6600    1.0000    0.7952       231
      Cherry Rainier 3     0.9956    1.0000    0.9978       228
         Cherry Sour 1     1.0000    1.0000    1.0000       150
          Cherry Wax 1     0.7698    0.9511    0.8509       225
          Cherry Wax 2     0.6562    0.2763    0.3889        76
    Cherry Wax Black 1     1.0000    1.0000    1.0000       164
      Cherry Wax Red 1     1.0000    1.0000    1.0000       164
      Cherry Wax Red 2     0.9934    1.0000    0.9967       150
      Cherry Wax Red 3     0.9934    1.0000    0.9967       150
   Cherry Wax Yellow 1     1.0000    1.0000    1.0000       164
            Chestnut 1     0.9107    1.0000    0.9533       153
          Clementine 1     0.8877    1.0000    0.9405       166
               Cocos 1     0.9540    1.0000    0.9765       166
                Corn 1     0.8796    0.6333    0.7364       150
           Corn Husk 1     0.9302    0.5195    0.6667       154
            Cucumber 1     1.0000    1.0000    1.0000        50
           Cucumber 10     0.9644    0.9042    0.9333       240
           Cucumber 11     1.0000    0.7051    0.8271        78
           Cucumber 12     0.9606    0.9385    0.9494       130
           Cucumber 13     0.9750    1.0000    0.9873       156
            Cucumber 3     0.9401    1.0000    0.9691       157
            Cucumber 4     1.0000    0.7500    0.8571        76
            Cucumber 5     0.9507    0.8248    0.8833       234
            Cucumber 6     0.9226    0.9169    0.9198       325
            Cucumber 7     0.8696    0.7692    0.8163       234
            Cucumber 8     0.9177    0.9654    0.9409       231
            Cucumber 9     0.9493    0.8506    0.8973       154
               Dates 1     1.0000    0.8916    0.9427       166
            Eggplant 1     1.0000    0.5962    0.7470       156
       Eggplant long 1     1.0000    1.0000    1.0000        80
                 Fig 1     1.0000    1.0000    1.0000       234
              Ginger 2     1.0000    0.8403    0.9132       144
         Ginger Root 1     0.7590    0.6364    0.6923        99
          Gooseberry 1     1.0000    1.0000    1.0000       154
          Granadilla 1     0.8384    1.0000    0.9121       166
               Grape 1     1.0000    1.0000    1.0000       155
          Grape Blue 1     0.8747    1.0000    0.9331       328
          Grape Pink 1     0.9111    1.0000    0.9535       164
         Grape White 1     1.0000    1.0000    1.0000       166
         Grape White 2     1.0000    1.0000    1.0000       166
         Grape White 3     1.0000    1.0000    1.0000       164
         Grape White 4     1.0000    1.0000    1.0000       158
     Grapefruit Pink 1     0.7757    1.0000    0.8737       166
    Grapefruit White 1     0.5857    1.0000    0.7387       164
               Guava 1     1.0000    1.0000    1.0000       166
            Hazelnut 1     0.8920    1.0000    0.9429       157
         Huckleberry 1     1.0000    1.0000    1.0000       166
                Kaki 1     1.0000    0.8735    0.9325       166
                Kiwi 1     0.9873    1.0000    0.9936       156
            Kohlrabi 1     0.9515    1.0000    0.9752       157
            Kumquats 1     1.0000    0.5301    0.6929       166
               Lemon 1     0.6074    0.5000    0.5485       164
         Lemon Meyer 1     1.0000    1.0000    1.0000       166
               Limes 1     1.0000    1.0000    1.0000       166
              Lychee 1     1.0000    1.0000    1.0000       166
           Mandarine 1     1.0000    1.0000    1.0000       166
               Mango 1     1.0000    1.0000    1.0000       166
           Mango Red 1     1.0000    0.7113    0.8313       142
           Mangostan 1     0.9903    1.0000    0.9951       102
            Maracuja 1     1.0000    0.8072    0.8933       166
  Melon Piel de Sapo 1     1.0000    0.8496    0.9187       246
            Mulberry 1     0.9162    1.0000    0.9563       164
           Nectarine 1     0.7333    0.8720    0.7967       164
      Nectarine Flat 1     0.8934    0.6813    0.7730       160
      Nectarine Flat 2     1.0000    0.9608    0.9800       153
                 Nut 1     1.0000    1.0000    1.0000        80
                 Nut 2     0.8846    0.8734    0.8790        79
                 Nut 3     0.6636    0.9241    0.7725        79
                 Nut 4     0.6810    1.0000    0.8103        79
                 Nut 5     0.8000    0.1000    0.1778        80
          Nut Forest 1     0.9498    0.9541    0.9519       218
           Nut Pecan 1     0.6653    0.9157    0.7707       178
               Onion 2     0.9689    0.9765    0.9727       255
           Onion Red 1     0.7979    1.0000    0.8876       150
           Onion Red 2     0.8375    1.0000    0.9115       237
           Onion Red 3     1.0000    0.8000    0.8889       155
         Onion White 1     0.8848    1.0000    0.9389       146
         Onion White 2     0.7907    1.0000    0.8831       102
              Orange 1     1.0000    1.0000    1.0000       160
              Papaya 1     0.9820    1.0000    0.9909       164
              Papaya 2     0.9911    0.9250    0.9569       240
       Passion Fruit 1     1.0000    0.9096    0.9527       166
               Peach 1     1.0000    0.6159    0.7623       164
               Peach 2     0.9685    1.0000    0.9840       246
               Peach 3     1.0000    0.8268    0.9052       306
               Peach 4     0.7219    0.9083    0.8044       240
               Peach 5     0.8243    0.7625    0.7922       240
               Peach 6     0.8127    0.8608    0.8361       237
          Peach Flat 1     0.7606    0.9878    0.8594       164
     Peanut shell 1x 1     0.6933    1.0000    0.8189        52
                Pear 1     0.9939    0.9939    0.9939       164
               Pear 10     0.7937    0.9827    0.8781       231
               Pear 11     0.9943    0.7576    0.8600       231
               Pear 12     1.0000    1.0000    1.0000       156
               Pear 13     0.9027    0.9667    0.9336       240
               Pear 14     0.9163    0.8640    0.8894       228
                Pear 2     0.9037    0.5259    0.6649       232
                Pear 3     1.0000    0.6667    0.8000        72
                Pear 5     0.8857    0.9313    0.9079       233
                Pear 6     0.7284    0.7597    0.7437       233
                Pear 7     0.7476    0.6681    0.7056       235
                Pear 8     1.0000    0.7576    0.8621       231
                Pear 9     0.7313    0.9545    0.8282       308
          Pear Abate 1     0.7912    0.8675    0.8276       166
        Pear Forelle 1     0.9707    0.9915    0.9810       234
         Pear Kaiser 1     1.0000    1.0000    1.0000       102
        Pear Monster 1     1.0000    0.9940    0.9970       166
            Pear Red 1     1.0000    0.9955    0.9977       222
          Pear Stone 1     0.8681    1.0000    0.9294       237
       Pear Williams 1     1.0000    1.0000    1.0000       166
              Pepino 1     1.0000    0.6867    0.8143       166
              Pepper 1     0.8775    0.9737    0.9231       228
              Pepper 2     0.9801    0.9367    0.9579       158
        Pepper Green 1     0.7220    1.0000    0.8385       148
       Pepper Orange 1     0.9951    0.8632    0.9245       234
       Pepper Orange 2     0.0000    0.0000    0.0000       235
          Pepper Red 1     0.6894    1.0000    0.8162       222
          Pepper Red 2     0.9872    1.0000    0.9935        77
          Pepper Red 3     0.9919    0.7885    0.8786       156
          Pepper Red 4     1.0000    0.6139    0.7608       158
          Pepper Red 5     0.7152    1.0000    0.8339       236
       Pepper Yellow 1     0.4826    1.0000    0.6510       222
            Physalis 1     1.0000    1.0000    1.0000       164
  Physalis with Husk 1     0.8723    1.0000    0.9318       164
           Pineapple 1     0.9540    1.0000    0.9765       166
      Pineapple Mini 1     0.9645    1.0000    0.9819       163
           Pistachio 1     0.9640    0.9264    0.9448       231
        Pitahaya Red 1     0.9595    1.0000    0.9794       166
                Plum 1     1.0000    1.0000    1.0000       151
                Plum 2     1.0000    1.0000    1.0000       142
                Plum 3     0.9075    0.8388    0.8718       304
                Plum 4     0.8522    0.7489    0.7972       231
                Plum 5     0.8396    1.0000    0.9128       225
         Pomegranate 1     1.0000    0.9817    0.9908       164
      Pomelo Sweetie 1     0.9935    1.0000    0.9967       153
          Potato Red 1     0.8889    0.6933    0.7790       150
          Potato Red 2     1.0000    0.4437    0.6147       151
        Potato Sweet 1     0.7353    0.5000    0.5952       150
        Potato White 1     1.0000    0.8400    0.9130       150
              Quince 1     1.0000    0.8855    0.9393       166
              Quince 2     0.9586    0.6750    0.7922       240
              Quince 3     0.9510    0.9628    0.9569       242
              Quince 4     0.9553    0.9438    0.9495       249
            Rambutan 1     0.7477    0.9756    0.8466       164
           Raspberry 1     1.0000    1.0000    1.0000       166
           Raspberry 2     0.5372    0.8966    0.6718       145
           Raspberry 3     0.9906    0.7143    0.8300       147
           Raspberry 4     1.0000    0.5533    0.7124       150
           Raspberry 5     0.9868    1.0000    0.9934        75
           Raspberry 6     0.8876    1.0000    0.9404       150
          Redcurrant 1     1.0000    1.0000    1.0000       164
               Salak 1     0.9878    1.0000    0.9939       162
          Strawberry 1     1.0000    0.7988    0.8881       164
          Strawberry 2     0.8980    1.0000    0.9462        88
          Strawberry 3     0.8385    0.9604    0.8953       227
    Strawberry Wedge 1     1.0000    0.8008    0.8894       246
           Tamarillo 1     1.0000    1.0000    1.0000       166
             Tangelo 1     0.9486    1.0000    0.9736       166
              Tomato 1     0.8173    1.0000    0.8995       246
             Tomato 10     0.9580    1.0000    0.9785       228
             Tomato 11     1.0000    0.6519    0.7893       158
              Tomato 2     0.8555    1.0000    0.9221       225
              Tomato 3     1.0000    1.0000    1.0000       246
              Tomato 4     1.0000    0.7625    0.8652       160
              Tomato 5     1.0000    0.6892    0.8160       222
              Tomato 7     1.0000    1.0000    1.0000       231
              Tomato 8     0.9425    0.3431    0.5031       239
              Tomato 9     0.5916    1.0000    0.7434       239
Tomato Cherry Maroon 1     1.0000    0.9900    0.9950       100
Tomato Cherry Orange 1     0.9524    1.0000    0.9756       100
   Tomato Cherry Red 1     1.0000    1.0000    1.0000       164
   Tomato Cherry Red 2     1.0000    1.0000    1.0000       100
Tomato Cherry Yellow 1     0.9615    1.0000    0.9804       100
        Tomato Heart 1     0.6980    0.7500    0.7230       228
       Tomato Maroon 1     1.0000    1.0000    1.0000       127
       Tomato Maroon 2     1.0000    0.9932    0.9966       147
       Tomato Yellow 1     1.0000    0.9673    0.9834       153
              Walnut 1     0.8732    0.9960    0.9306       249
          Watermelon 1     1.0000    1.0000    1.0000       157
            Zucchini 1     1.0000    1.0000    1.0000        80
      Zucchini Green 1     1.0000    0.5319    0.6944        47
       Zucchini dark 1     0.8367    0.9685    0.8978       127

              accuracy                         0.8785     43670
             macro avg     0.8877    0.8737    0.8697     43670
          weighted avg     0.8843    0.8785    0.8711     43670
